0 0 0 0 0 0 0 0 0 0 0 0 0 0 0 0 0 0 0 0 0 0 0 0 0 
0 0 0 0 0 0 0 0 0 0 0 0 0 0 0 0 0 0 0 0 0 0 0 0 0 
0 0 0 0 0 0 0 0 0 0 0 0 0 0 0 0 0 0 0 0 0 0 0 0 0 
0 0 0 0 0 0 0 0 0 0 0 0 0 0 0 0 0 0 0 0 0 0 0 0 0 
0 0 0 0 0 0 0 0 0 0 0 0 0 0 0 0 0 0 0 0 0 0 0 0 0 
0 0 0 0 0 0 0 0 0 5 11 11 11 11 11 6 0 0 0 0 0 0 0 0 0 
0 0 0 0 0 0 0 0 0 7 13 14 14 14 15 4 0 0 0 0 0 0 0 0 0 
0 0 0 0 0 0 0 0 0 7 16 17 17 17 18 4 0 0 0 0 0 0 0 0 0 
0 0 0 0 0 0 0 0 0 7 35 25 26 27 35 4 0 0 0 0 0 0 0 0 0 
0 0 0 0 0 0 0 0 0 7 35 28 29 30 35 4 0 0 0 0 0 0 0 0 0 
0 0 0 0 0 0 0 0 0 7 35 31 32 33 35 4 0 0 0 0 0 0 0 0 0 
0 0 0 0 0 0 0 0 0 8 2 2 2 2 2 9 0 0 0 0 0 0 0 0 0 
0 0 0 0 0 0 0 0 0 0 0 0 0 0 0 0 0 0 0 0 0 0 0 0 0 
0 0 0 0 0 0 0 0 0 0 0 0 0 0 0 0 0 0 0 0 0 0 0 0 0 
0 0 0 0 0 0 0 0 0 0 0 0 0 0 0 0 0 0 0 0 0 0 0 0 0 
0 0 0 0 0 0 0 0 0 0 0 0 0 0 0 0 0 0 0 0 0 0 0 0 0 
0 0 0 0 0 0 0 0 0 0 0 0 0 0 0 0 0 0 0 0 0 0 0 0 0 
0 0 0 0 0 0 0 0 0 0 0 0 0 0 0 0 0 0 0 0 0 0 0 0 0 
0 0 0 0 0 0 0 0 0 0 0 0 0 0 0 0 0 0 0 0 0 0 0 0 0 
0 0 0 0 0 0 0 0 0 0 0 0 0 0 0 0 0 0 0 0 0 0 0 0 0